Asymptotic rank scaling results
Model: R(W) ~ C * W^p

tau=0.01: C=0.15193, p=0.719967, R(W) ~ 0.15193 * W^0.719967
tau=1e-05: C=0.461544, p=0.607087, R(W) ~ 0.461544 * W^0.607087
tau=1e-08: C=1.33084, p=0.497626, R(W) ~ 1.33084 * W^0.497626
